NOTE E4 16:58:25.190649
NOTE E4 16:58:25.222532
NOTE E4 16:58:25.292287
NOTE F3 16:58:25.362346
NOTE F3 16:58:25.469675
NOTE F#3 16:58:25.609460
NOTE G3 16:58:25.749514
NOTE G#3 16:58:25.888993
NOTE A3 16:58:26.060709
NOTE A#3 16:58:26.200285
NOTE B3 16:58:26.378320
NOTE C4 16:58:26.555862
NOTE C#4 16:58:26.555964
NOTE C#4 16:58:26.657790
NOTE C#4 16:58:26.657849
NOTE D4 16:58:26.727413
NOTE D4 16:58:26.728175
NOTE D4 16:58:26.765321
NOTE D4 16:58:26.835393
NOTE D#4 16:58:26.975341
NOTE E4 16:58:27.114505
NOTE F4 16:58:27.286129
NOTE F#4 16:58:27.425853
NOTE G4 16:58:27.565368
NOTE F4 16:58:27.635120
NOTE G#4 16:58:27.743110
NOTE A4 16:58:27.883408
NOTE A#4 16:58:28.092536
NOTE A#4 16:58:28.092589
NOTE B4 16:58:28.092615
NOTE B4 16:58:28.200443
NOTE C5 16:58:28.340218
NOTE C#5 16:58:28.511497
NOTE D5 16:58:28.650856
NOTE D#5 16:58:28.790745
NOTE E5 16:58:29.000633
NOTE E5 16:58:29.000757
NOTE E6 16:58:29.109041
NOTE F#5 16:58:29.248025
NOTE G5 16:58:29.426058
NOTE G#5 16:58:29.565297
NOTE A5 16:58:29.705409
NOTE G#5 16:58:29.876659
NOTE A5 16:58:30.016512
NOTE A#5 16:58:30.193989
NOTE C#6 16:58:30.334055
NOTE D6 16:58:30.403565
NOTE D6 16:58:30.473614
NOTE D#6 16:58:30.613155
NOTE B3 16:58:30.682810
NOTE E6 16:58:30.791166
NOTE E6 16:58:30.822793
